rcp26 = [2,
8,
9,
10,
11,
12,
23,
24,
35,
36,
37,
38,
39,
40,
41,
42,
43,
44,
65,
68,
72,
78,
79,
80,
90,
94,
98,
102,
103,
104,
112,
113,
114,
121,
126,
130]

rcp45 = [0,
3,
6,
13,
14,
15,
16,
17,
25,
26,
31,
33,
45,
46,
47,
48,
49,
50,
51,
52,
53,
54,
69,
73,
76,
81,
82,
83,
84,
91,
95,
99,
105,
106,
107,
115,
116,
117,
122,
123,
124,
127,
131]

rcp85 = [1,
5,
7,
18,
19,
20,
21,
22,
29,
30,
32,
34,
55,
56,
57,
58,
59,
60,
61,
62,
63,
64,
67,
71,
75,
77,
86,
87,
88,
89,
93,
97,
101,
109,
110,
111,
118,
119,
120,
125,
129,
133]